[1.6974139]
[1.6722593]
[1.6516048]
[1.6421183]
[1.6335877]
[1.6169488]
[1.5986168]
[1.5838588]
[1.5755099]
[1.5650175]
[1.5510505]
[1.5369613]
[1.5251981]
[1.5158701]
[1.5062149]
[1.499544]
[1.4933329]
[1.4822825]
[1.4763348]
[1.4732713]
[1.4702731]
[1.4715685]
[1.4674969]
[1.4615245]
[1.4606723]
[1.4627641]
[1.4687649]
[1.4703984]
[1.4664128]
[1.4659655]
[1.4633428]
[1.4630477]
[1.4629817]
[1.4615899]
[1.4595926]
[1.4575895]
[1.4552025]
[1.4521397]
[1.449563]
[1.446833]
[1.4437295]
[1.4414089]
[1.4393195]
[1.4370769]
[1.434614]
[1.4316641]
[1.4287242]
[1.4261225]
[1.4238831]
[1.4220351]
[1.4193714]
[1.4163607]
[1.4137093]
[1.4112688]
[1.4089231]
[1.4063816]
[1.4036212]
[1.4008629]
[1.3980654]
[1.3960564]
[1.3962021]
[1.3965675]
[1.396729]
[1.3965684]
[1.396312]
[1.3960513]
[1.3956598]
[1.3951728]
[1.3946724]
[1.394118]
[1.3932766]
[1.3922827]
[1.3913742]
[1.3904891]
[1.3895955]
[1.3889096]
[1.3885279]
[1.3883127]
[1.3881347]
[1.3879508]
[1.3877792]
[1.3875567]
[1.3872405]
[1.3868746]
[1.3864268]
[1.3859301]
[1.3853446]
[1.3847969]
[1.384398]
[1.3841796]
[1.3841372]
[1.3841187]
[1.3841301]
[1.3841465]
[1.3841695]
[1.3842059]
[1.3842314]
[1.3842102]
[1.3841181]
[1.383948]
[1.3837032]
[1.3834237]
[1.3831452]
[1.3828976]
[1.3827038]
[1.3825903]
[1.3825455]
[1.3825411]
[1.3825684]
[1.3826057]
[1.3826461]
[1.3826679]
[1.382658]
[1.3826154]
[1.3825324]
[1.3824205]
[1.3822874]
[1.3821614]
[1.7147995]
[1.7007681]
[1.6893654]
[1.6808943]
[1.6766384]
[1.6705724]
[1.6591144]
[1.650025]
[1.6476172]
[1.6433346]
[1.6376835]
[1.6325886]
[1.628397]
[1.6241791]
[1.6192545]
[1.6163229]
[1.6121943]
[1.6112123]
[1.6109158]
[1.6076475]
[1.605529]
[1.6017427]
[1.6008663]
[1.5993152]
[1.5915484]
[1.5889037]
[1.5888792]
[1.5831426]
[1.5750356]
[1.568253]
[1.5622951]
[1.5569042]
[1.5526199]
[1.5476418]
[1.542078]
[1.537277]
[1.5332221]
[1.5294441]
[1.5256398]
[1.5223655]
[1.5192975]
[1.5164236]
[1.514115]
[1.5116777]
[1.5095813]
[1.5078926]
[1.5062659]
[1.5047154]
[1.5026294]
[1.5005745]
[1.4989737]
[1.4968663]
[1.4942569]
[1.4918649]
[1.4894751]
[1.4866381]
[1.4835957]
[1.4804894]
[1.4773248]
[1.4743016]
[1.471387]
[1.4684469]
[1.4654931]
[1.462693]
[1.4600894]
[1.4576043]
[1.4552978]
[1.4531374]
[1.451106]
[1.4492663]
[1.447563]
[1.445972]
[1.4444784]
[1.4430714]
[1.4417651]
[1.4404676]
[1.439114]
[1.4377707]
[1.4364418]
[1.4350369]
[1.433558]
[1.432044]
[1.4304711]
[1.4288357]
[1.4271544]
[1.4254299]
[1.4236794]
[1.4219339]
[1.4204559]
[1.4204559]
[1.4204559]
[1.4204559]
[1.4204559]
[1.4204559]
[1.4204559]
[1.4204559]
[1.4204559]
[1.4204559]
[1.4204559]
[1.4204559]
[1.4204559]
[1.4204559]
[1.4204559]
[1.4204559]
[1.4204559]
[1.4204559]
[1.4204559]
[1.4204559]
[1.4204788]
[1.4205003]
[1.4205173]
[1.4205314]
[1.420542]
[1.4205518]
[1.4205638]
[1.4205724]
[1.4205794]
[1.4205813]
[1.7105466]
[1.6974536]
[1.6867025]
[1.6789298]
[1.6748257]
[1.6661363]
[1.6590662]
[1.6530601]
[1.6454506]
[1.639829]
[1.6334862]
[1.628808]
[1.6228791]
[1.6188952]
[1.6152147]
[1.6109773]
[1.6080158]
[1.6038388]
[1.6004343]
[1.6001425]
[1.5984192]
[1.5968434]
[1.5953665]
[1.5911072]
[1.5879157]
[1.5856773]
[1.5843515]
[1.5798869]
[1.573866]
[1.5679704]
[1.5618294]
[1.5569222]
[1.5522212]
[1.5473424]
[1.5427278]
[1.5379702]
[1.5332596]
[1.5288608]
[1.5244831]
[1.520493]
[1.516779]
[1.513379]
[1.5103186]
[1.5075305]
[1.5048966]
[1.5024666]
[1.500296]
[1.4984628]
[1.4967201]
[1.4951309]
[1.4934505]
[1.4916118]
[1.4898096]
[1.487947]
[1.4860508]
[1.4839629]
[1.4816866]
[1.4792501]
[1.4767193]
[1.4741551]
[1.4715581]
[1.4689279]
[1.46628]
[1.4636097]
[1.4609549]
[1.4583333]
[1.4557648]
[1.4532871]
[1.4509113]
[1.448657]
[1.4465379]
[1.4445437]
[1.4426717]
[1.4409232]
[1.4392914]
[1.4377791]
[1.4363629]
[1.4350291]
[1.4337448]
[1.4324955]
[1.43127]
[1.4300542]
[1.4288394]
[1.4276075]
[1.4263488]
[1.4250568]
[1.4237309]
[1.4223722]
[1.420984]
[1.4195683]
[1.4186462]
[1.4186462]
[1.4186462]
[1.4186462]
[1.4186462]
[1.4186462]
[1.4186476]
[1.4186529]
[1.4186573]
[1.4186622]
[1.418745]
[1.4188277]
[1.4189059]
[1.4189774]
[1.4190493]
[1.4191207]
[1.4191847]
[1.4192395]
[1.4192861]
[1.4193277]
[1.4193659]
[1.4193978]
[1.4194255]
[1.4194548]
[1.4194844]
[1.4195101]
[1.4195318]
[1.4195515]
[1.7135752]
[1.6957052]
[1.6826617]
[1.6769611]
[1.6694291]
[1.6596543]
[1.650692]
[1.6429545]
[1.6361961]
[1.6312282]
[1.6225603]
[1.6140305]
[1.6057357]
[1.5992767]
[1.5967225]
[1.5928187]
[1.586698]
[1.5832675]
[1.5804164]
[1.5749694]
[1.571933]
[1.5679415]
[1.5629802]
[1.561506]
[1.5582441]
[1.552133]
[1.5468907]
[1.5423889]
[1.539205]
[1.5357119]
[1.5313884]
[1.5273988]
[1.5233806]
[1.5199193]
[1.5166613]
[1.5130483]
[1.5095793]
[1.5062286]
[1.5029689]
[1.5003095]
[1.4976792]
[1.4947901]
[1.4921716]
[1.4897108]
[1.487237]
[1.4849561]
[1.4826598]
[1.480364]
[1.4782689]
[1.4761791]
[1.4740775]
[1.4719796]
[1.4699306]
[1.4680319]
[1.4661574]
[1.46428]
[1.4624423]
[1.4606174]
[1.4588861]
[1.4572185]
[1.4555494]
[1.4539304]
[1.4523509]
[1.4508106]
[1.4493498]
[1.4463499]
[1.442111]
[1.4389186]
[1.4363517]
[1.4340107]
[1.431841]
[1.4297487]
[1.4276489]
[1.4255526]
[1.4235573]
[1.4216121]
[1.419726]
[1.417964]
[1.4161669]
[1.4142604]
[1.4122659]
[1.4100012]
[1.4075197]
[1.4050113]
[1.4025062]
[1.4000964]
[1.3978084]
[1.3955839]
[1.3934234]
[1.3912894]
[1.3891009]
[1.3869585]
[1.3849214]
[1.3828807]
[1.3806937]
[1.3784211]
[1.3761482]
[1.3738729]
[1.3715886]
[1.3692979]
[1.3669895]
[1.3646886]
[1.3624151]
[1.360163]
[1.3579434]
[1.3557541]
[1.3535732]
[1.3513975]
[1.3492211]
[1.3470232]
[1.3447633]
[1.3423544]
[1.3399082]
[1.3374393]
[1.334969]
[1.3325096]
[1.3300574]
[1.3276101]
[1.6665492]
[1.6324345]
[1.6136588]
[1.5992334]
[1.584269]
[1.5735317]
[1.55798]
[1.5412419]
[1.5326774]
[1.5229068]
[1.5098348]
[1.4934957]
[1.49033]
[1.49033]
[1.49033]
[1.49033]
[1.49033]
[1.49033]
[1.49033]
[1.49033]
[1.4930212]
[1.4962229]
[1.4978433]
[1.4951968]
[1.4957118]
[1.4987298]
[1.5017577]
[1.4984063]
[1.4938979]
[1.4913994]
[1.4798069]
[1.47131]
[1.4637253]
[1.4564557]
[1.4513878]
[1.4495158]
[1.448413]
[1.4473925]
[1.4458891]
[1.4444826]
[1.4428117]
[1.4410231]
[1.4403996]
[1.4393408]
[1.4374778]
[1.4352094]
[1.4321482]
[1.4297533]
[1.4280188]
[1.4270884]
[1.4265778]
[1.4260604]
[1.4238303]
[1.4205602]
[1.4165664]
[1.4135832]
[1.4103358]
[1.4058291]
[1.4012269]
[1.3955735]
[1.3878541]
[1.3813555]
[1.3751179]
[1.3698504]
[1.3658551]
[1.3629608]
[1.359483]
[1.3552476]
[1.3499508]
[1.3442327]
[1.3385267]
[1.333579]
[1.3291994]
[1.3236836]
[1.316392]
[1.3079607]
[1.2976161]
[1.2879786]
[1.2798793]
[1.27289]
[1.2658905]
[1.2584348]
[1.248875]
[1.2379642]
[1.2266753]
[1.2164879]
[1.2069117]
[1.197498]
[1.18728]
[1.1750475]
[1.1591545]
[1.1425825]
[1.125992]
[1.1107601]
[1.0979685]
[1.086184]
[1.0722032]
[1.0554339]
[1.0359734]
[1.0154611]
[0.9960754]
[0.97922856]
[0.96329975]
[0.94586724]
[0.92465043]
[0.89973515]
[0.87170535]
[0.84427375]
[0.81950384]
[0.79687876]
[0.7740828]
[0.74889755]
[0.7185018]
[0.6839652]
[0.6482212]
[0.61434424]
[0.5832063]
[0.5538649]
[1.7125387]
[1.6962438]
[1.6834235]
[1.6779227]
[1.6706669]
[1.6608943]
[1.6516684]
[1.6443242]
[1.6385279]
[1.6347018]
[1.625142]
[1.6161207]
[1.6115167]
[1.6075135]
[1.6025943]
[1.5985026]
[1.594104]
[1.5897797]
[1.5900869]
[1.589152]
[1.5865475]
[1.5832433]
[1.5805796]
[1.5805045]
[1.5785186]
[1.5745906]
[1.5747674]
[1.5715172]
[1.5656267]
[1.5650805]
[1.5642456]
[1.563021]
[1.5616604]
[1.5595839]
[1.5565169]
[1.5534396]
[1.5502968]
[1.547156]
[1.543708]
[1.5400298]
[1.5365571]
[1.5330054]
[1.5293038]
[1.5258633]
[1.5223721]
[1.5186955]
[1.5156084]
[1.512478]
[1.5093704]
[1.5061612]
[1.5030211]
[1.5001165]
[1.4969916]
[1.4939756]
[1.491095]
[1.4878234]
[1.4845158]
[1.4814196]
[1.4781926]
[1.4751676]
[1.472192]
[1.4691672]
[1.4660671]
[1.46293]
[1.4597164]
[1.4564793]
[1.453196]
[1.4498535]
[1.4481322]
[1.4473407]
[1.4466892]
[1.4460926]
[1.4454191]
[1.4446617]
[1.4439164]
[1.4431776]
[1.4424473]
[1.4416952]
[1.438975]
[1.4356079]
[1.4319239]
[1.4282122]
[1.4246497]
[1.4214276]
[1.4186563]
[1.4161571]
[1.4139278]
[1.4120157]
[1.4103695]
[1.4088522]
[1.4073894]
[1.4059083]
[1.4045103]
[1.4035968]
[1.402176]
[1.4004972]
[1.3985976]
[1.3963906]
[1.3944893]
[1.3930221]
[1.3919407]
[1.3910037]
[1.3899074]
[1.3888195]
[1.3879199]
[1.3871585]
[1.3864859]
[1.3859758]
[1.3850467]
[1.3838838]
[1.3824815]
[1.3809428]
[1.3794613]
[1.3779973]
[1.3766916]
[1.3755329]
[1.3745404]
[1.373741]
[1.7115226]
[1.6908433]
[1.6774328]
[1.6695317]
[1.6604999]
[1.6503382]
[1.6361232]
[1.6174886]
[1.6067966]
[1.5969582]
[1.5813507]
[1.565509]
[1.5505673]
[1.5384207]
[1.5253665]
[1.5156276]
[1.5094386]
[1.4977548]
[1.4866272]
[1.4764848]
[1.4681485]
[1.4644779]
[1.4607867]
[1.4550699]
[1.4468831]
[1.4383991]
[1.4358591]
[1.4358591]
[1.4358591]
[1.4358591]
[1.4358591]
[1.4358591]
[1.4358591]
[1.4358591]
[1.4358591]
[1.4358591]
[1.4361691]
[1.4379855]
[1.4394546]
[1.4383264]
[1.4362985]
[1.4334699]
[1.429923]
[1.4265777]
[1.4235338]
[1.420709]
[1.4179502]
[1.4147445]
[1.4113015]
[1.4078857]
[1.4075478]
[1.4077014]
[1.4076511]
[1.4074627]
[1.4070504]
[1.4063863]
[1.4060516]
[1.4061415]
[1.4061667]
[1.4060996]
[1.4059538]
[1.4059198]
[1.4057916]
[1.4055095]
[1.4052851]
[1.4050173]
[1.4048972]
[1.4051216]
[1.405192]
[1.404938]
[1.4044548]
[1.4038005]
[1.4030528]
[1.4024198]
[1.401979]
[1.401623]
[1.4011927]
[1.4007808]
[1.4003979]
[1.4001192]
[1.400195]
[1.400344]
[1.4004387]
[1.400516]
[1.4005463]
[1.4005089]
[1.4004714]
[1.4004264]
[1.4003662]
[1.4002832]
[1.4002067]
[1.4001782]
[1.4001243]
[1.400041]
[1.39998]
[1.3999178]
[1.3999003]
[1.3999383]
[1.399948]
[1.3999065]
[1.3998153]
[1.3996928]
[1.399567]
[1.399465]
[1.399404]
[1.3993593]
[1.3993015]
[1.3992604]
[1.3992336]
[1.399224]
[1.3992558]
[1.3992927]
[1.3993185]
[1.3993407]
[1.3993496]
[1.3993443]
[1.3993286]
[1.3993022]
[1.7309879]
[1.7124932]
[1.7007054]
[1.6910014]
[1.6853366]
[1.680964]
[1.6719381]
[1.6604182]
[1.6535466]
[1.6522845]
[1.6471992]
[1.6365205]
[1.6306093]
[1.6256316]
[1.6210246]
[1.6211898]
[1.6211846]
[1.6160388]
[1.6121442]
[1.6098835]
[1.6094512]
[1.6108077]
[1.6142688]
[1.6146988]
[1.610833]
[1.6109941]
[1.6156765]
[1.6164684]
[1.611839]
[1.6110207]
[1.6049887]
[1.5984606]
[1.5931509]
[1.5899253]
[1.5865215]
[1.5820209]
[1.5774465]
[1.5741321]
[1.5716902]
[1.5696692]
[1.5675919]
[1.5648494]
[1.5615845]
[1.5587727]
[1.5565894]
[1.5545096]
[1.5521172]
[1.549079]
[1.5453912]
[1.5427601]
[1.5409337]
[1.539464]
[1.5373006]
[1.5347824]
[1.5324593]
[1.5301127]
[1.5276875]
[1.5253617]
[1.5227747]
[1.5193818]
[1.515585]
[1.5120108]
[1.5088627]
[1.5059031]
[1.5029136]
[1.4998428]
[1.4968231]
[1.4940381]
[1.4915184]
[1.4891512]
[1.4866043]
[1.483814]
[1.4808855]
[1.4780289]
[1.4753236]
[1.4725938]
[1.4696621]
[1.4665806]
[1.4635621]
[1.4606996]
[1.4579742]
[1.455303]
[1.4526005]
[1.4499005]
[1.448835]
[1.447832]
[1.4469621]
[1.4460241]
[1.4448103]
[1.4433345]
[1.4416773]
[1.4400681]
[1.4385663]
[1.4370568]
[1.4355731]
[1.4340445]
[1.4326322]
[1.4296002]
[1.4261318]
[1.4227117]
[1.4196035]
[1.4166714]
[1.4143648]
[1.412245]
[1.4100906]
[1.4079782]
[1.4058547]
[1.403576]
[1.4013793]
[1.3992234]
[1.3969176]
[1.3944807]
[1.3921424]
[1.3892949]
[1.3860706]
[1.3826412]
[1.3791138]
[1.3752098]
[1.7327157]
[1.7161531]
[1.7069196]
[1.6988477]
[1.6927482]
[1.6888648]
[1.6814102]
[1.6742572]
[1.6667552]
[1.6656798]
[1.6597561]
[1.6480386]
[1.6431316]
[1.6384859]
[1.6330941]
[1.6314107]
[1.6305256]
[1.6289746]
[1.6251812]
[1.6217338]
[1.6208647]
[1.6192726]
[1.6189867]
[1.6180524]
[1.6174839]
[1.6155313]
[1.6163217]
[1.6145105]
[1.6097016]
[1.6100432]
[1.6063297]
[1.6025562]
[1.5989834]
[1.5954298]
[1.5914463]
[1.5877242]
[1.5841628]
[1.5806749]
[1.5775313]
[1.574384]
[1.5714817]
[1.5687524]
[1.5658798]
[1.5636016]
[1.5611451]
[1.5590509]
[1.557065]
[1.5543915]
[1.5522845]
[1.5499492]
[1.5477026]
[1.5453008]
[1.5431919]
[1.5408604]
[1.5384789]
[1.5363321]
[1.5336939]
[1.5313928]
[1.528738]
[1.5262083]
[1.5235802]
[1.520908]
[1.5182847]
[1.5156287]
[1.5130162]
[1.51045]
[1.507901]
[1.5054333]
[1.5029974]
[1.5006678]
[1.4982893]
[1.4960206]
[1.4937575]
[1.4914776]
[1.4892972]
[1.4870139]
[1.4848036]
[1.4825203]
[1.4802761]
[1.4780023]
[1.4757315]
[1.4734796]
[1.4711903]
[1.4689567]
[1.4666692]
[1.4644312]
[1.462162]
[1.4599077]
[1.4576613]
[1.4554062]
[1.4531691]
[1.4509368]
[1.4487097]
[1.4465044]
[1.4442991]
[1.4421223]
[1.4399458]
[1.4378002]
[1.4356594]
[1.4335338]
[1.4314269]
[1.4293152]
[1.4272298]
[1.4251323]
[1.4230536]
[1.4209682]
[1.4188892]
[1.4168143]
[1.4147383]
[1.4136243]
[1.412998]
[1.4124367]
[1.411865]
[1.4112408]
[1.4105527]
[1.4097706]
[1.4089382]
[1.4081359]
