1.3965000790946185
1.3962689180284737
1.3991696829726916
1.4004833288483318
1.3965476861001922
1.3958938467431812
1.3957146599153056
1.3964095450058578
1.3953479009643195
1.3964696283301337
1.396971417113021
1.3971705326972528
1.3966246338218449
1.3967607684906571
1.3965592035038394
1.3976910099007187
1.39696174979005
1.3973744845487177
1.3968284710204228
1.3977178178302943
1.397964305902831
1.3979630395095795
1.3985991597840561
1.398375888921134
1.39719708526358
1.3973605698574334
1.3970596372980624
1.3971767395876347
1.3969864574871955
1.3972250397220252
1.3973791592596096
1.3973057657774537
1.397081530787982
1.3978790145779028
1.397886576456949
1.3972843465335665
1.3971439384389668
1.3971905969524754
1.3978464896384626
1.3963769731629638
1.3973757613649591
1.3981440034572035
1.398234266548231
1.3966747996713964
1.3983860826050862
1.398425387699343
1.3982061140529811
1.399586388890445
1.3996668960630891
1.3980587850932031
1.3971335362952202
1.3113353048959746
1.3113261326650156
1.3113200821194797
1.3115823089065028
1.3110163509873671
1.3112910645160822
1.3111010299616492
1.3131329058190806
1.3111674973671323
1.3140141617831773
1.3150374922173562
1.315411113404203
1.3157162490341812
1.3156773035330698
1.3148835199045017
1.3151413677329662
1.313715154871158
1.3143453952765556
1.3146124361819587
1.3166204694503918
1.316272021086607
1.3162226708360014
1.3155633932841009
1.3164416213696821
1.3164804105259478
1.3163092559145297
1.3160149432565085
1.3145607459701596
1.313936455789022
1.3128940682210026
1.3129420556657014
1.3134203849044628
1.3138472871119156
1.314653216129262
1.315675747901853
1.3164042393170297
1.3141335480103733
1.3132974770096129
1.3130895227300934
1.3135465004744007
1.3134524486266075
1.3136285893357358
1.3136195526036434
1.3127882123373447
1.3135371458411216
1.3134859872017985
1.3139109872136263
1.3146896978961768
1.3147631656421348
1.3157533118827733
1.3159266396875493
1.4101512771986422
1.4098290400482711
1.4092805041564627
1.4087951472168785
1.4096958811430258
1.4096165986716744
1.4098057029742745
1.4112001061743122
1.409905784521624
1.4122394971327854
1.4134633750094099
1.4126248819664118
1.4125905434267592
1.412620306273922
1.4114483348861333
1.4129641815509644
1.4125887871529905
1.411148976198211
1.4118054942635816
1.4126211661705745
1.4128873172132295
1.41296700618118
1.4122194693580268
1.411585590026341
1.4123893015526232
1.412635482146963
1.4131217510981482
1.4141397280242292
1.4141984876288098
1.416861212333664
1.4170637258125467
1.4148104422016066
1.413987385606393
1.4124559253029523
1.4115434550903734
1.4131159976078194
1.414214997644536
1.414632923052087
1.4176425613354888
1.4146876124791798
1.4176420818779614
1.4183758238742126
1.4184277251515536
1.4161749001521615
1.4189630811728535
1.4189893418954682
1.4195233950430524
1.418505397270992
1.418602617707662
1.4145112919734788
1.4117873374154788
1.4223186167933044
1.4232063428282735
1.4511450208671388
1.4558959446601567
1.4280965594559905
1.4199856806948778
1.413796530241519
1.4064917238138612
1.4039632941201325
1.3939510327272115
1.384443473342806
1.3795015378400681
1.3735152604587375
1.373225042732805
1.3648421239398418
1.3830098953358827
1.3979850737098602
1.3746829584207385
1.3674744916871189
1.357405904457718
1.3603492837954312
1.3615021289970723
1.3564990313906222
1.3516005076400934
1.3231202197860925
1.3331671897348016
1.3213863450221717
1.2898935421396045
1.2673885718932374
1.2477831940047441
1.259571657922864
1.2613567304123192
1.2689876930344848
1.3678034725118426
1.3429810286723076
1.3004812255263327
1.2755884369291364
1.2570791093712672
1.240798560975492
1.2384494483970105
1.2168226202465593
1.205413532308489
1.205466950130835
1.2069408129930494
1.1903315912507473
1.1856386192806063
1.1724763219326733
1.1546125266090035
1.1522469665527342
1.255055454646982
1.3105828327871858
1.411168269152194
1.4117572931475935
1.4414313677068797
1.4455674393359568
1.4180521639857437
1.4083758042827246
1.4033954392168668
1.3996055567685513
1.3961457912508397
1.3910560577537863
1.3833125059965996
1.3785381278709508
1.3750394637555814
1.3751176466015167
1.3678538311867041
1.38289357477054
1.395175671482086
1.3757156030991113
1.3703998053778892
1.3516924384094773
1.3579917572584934
1.3608246867798268
1.3480336042109875
1.321422590968944
1.2810509903457015
1.2949325599743984
1.2726264421317726
1.2383330548707394
1.2243815808556973
1.2115572385266422
1.2178742894869297
1.2194418862957506
1.2262804202780127
1.365972867191769
1.3014294804683886
1.2470571702323854
1.2283572218269108
1.2164431921515613
1.2064040602911263
1.2082823143087327
1.195268544564396
1.1870492667101322
1.1876393330045043
1.1884868575681
1.1791016328141093
1.177161622582376
1.169274171029031
1.1622320656344294
1.1610343181930483
1.2174775696519762
1.2650362855143844
